[66][5]
001.[440],[1103],[0],[1],[1],[Kirin Scale] 
002.[180],[1120],[0],[1],[1],[Omnipotent Talisman] 
003.[480],[1129],[0],[1],[1],[8 Trigram Bag]
004.[120],[1130],[0],[1],[1],[Trigram Box]
005.[80],[1108],[0],[1],[1],[Guardian Edict]
006.[120],[1118],[0],[1],[1],[Chivalry Talisman]
007.[80],[1119],[0],[1],[1],[Heroic Talisman]
008.[160],[1124],[0],[1],[1],[Imperial Edict]
009.[480],[1134],[0],[1],[2],[Void Talisman(S)]
010.[840],[1135],[0],[1],[2],[Void Talisman(M)]
011.[1200],[1136],[0],[1],[2],[Void Talisman(L)]
012.[160],[1137],[0],[1],[2],[Stat Talisman(S)]
013.[280],[1138],[0],[1],[2],[Stat Talisman(M)]
014.[400],[1139],[0],[1],[2],[Stat Talisman(L)]
015.[60],[1105],[0],[1],[2],[Akela Book]
016.[100],[1104],[0],[1],[2],[Shoonya Book]
017.[40],[1310],[0],[1],[4],[Phoenix Tears(S)]
018.[70],[1311],[0],[1],[4],[Phoenix Tears(M)]
019.[100],[1312],[0],[1],[4],[Phoenix Tears (L)]
020.[80],[1313],[0],[1],[4],[Phoenix Tears(SP)]
021.[40],[1315],[0],[1],[1],[Jade Scroll(S)]
022.[80],[1316],[0],[1],[1],[Jade Scroll(M)]
023.[120],[1317],[0],[1],[1],[Jade Scroll(L)]
024.[240],[1318],[0],[1],[1],[Jade Scroll(SP)]
025.[160],[1255],[0],[1],[3],[Condor Chestplate]
026.[160],[1256],[0],[1],[3],[Roma Balteus]
027.[160],[1257],[0],[1],[3],[Yin Yang Shinguard]
028.[160],[1262],[0],[1],[3],[Kabu Shoulderplate]
029.[160],[1263],[0],[1],[3],[Wuji Brace]
030.[160],[1264],[0],[1],[3],[Hamsa Shinguard]
031.[160],[1268],[0],[1],[3],[Ordog Brace]
032.[160],[1269],[0],[1],[3],[Hades Chestplate]
033.[160],[1270],[0],[1],[3],[Xerxes Balteus]
034.[160],[1271],[0],[1],[3],[Ryu Shoulderplate]
035.[160],[1267],[0],[1],[3],[Rompo Balteus]
036.[160],[1266],[0],[1],[3],[Glaistig Chestplate]
037.[240],[1265],[0],[1],[3],[Akuma Mask]
038.[160],[1261],[0],[1],[3],[Suzaku Shinguard]
039.[160],[1260],[0],[1],[3],[Bronco Shoulderplate]
040.[160],[1259],[0],[1],[3],[Faun Chestplate]
041.[240],[1258],[0],[1],[3],[Phantom Mask]
042.[160],[1254],[0],[1],[3],[Dagon Shinguard]
043.[160],[1253],[0],[1],[3],[Orcus Balteus]
044.[160],[1252],[0],[1],[3],[Kimen Chestplate]
045.[240],[1251],[0],[1],[3],[Go Ku Mask]
046.[60],[1320],[0],[1],[2],[Druid's Pill(S)]
047.[100],[1321],[0],[1],[2],[Druid's Pill(M)]
048.[140],[1322],[0],[1],[2],[Druid's Pill(L)]
049.[20],[25],[99],[1],[4],[Life Elixir (L)]
050.[20],[31],[99],[1],[4],[Mana Elixir (L)]
051.[40],[34],[99],[1],[4],[Soul Elixir (L)]
052.[60],[1126],[0],[1],[2],[Reinforce Talisman]
053.[60],[1127],[0],[1],[2],[Combine Talisman]
054.[60],[1128],[0],[1],[2],[Upgrade Talisman]
055.[240],[1043],[0],[1],[2],[Reinforcement Ticket]
056.[700],[1125],[0],[1],[4],[Invaluable Chest]
057.[90],[1414],[0],[1],[4],[Lottery Item Bag]
058.[777],[1415],[0],[1],[4],[Lottery Lvl Pet Bag]
059.[300],[1429],[0],[1],[2],[Protection Rune]
060.[1000],[1437],[0],[1],[4],[Lottery Adept Pet Bag]
061.[240],[1284],[0],[1],[3],[Jingo Barbute]
062.[240],[1285],[0],[1],[3],[Tercel Barbute]
063.[240],[1286],[0],[1],[3],[Diablo Barbute]
064.[120],[1156],[99],[1],[2],[Acupoints strike]
065.[1],[1334],[1],[1],[2],[aoto pill]
066.[1],[1335],[1],[1],[2],[aoto pill]