[27]
001.[100],[1103],[0],[1],[방파부]
002.[19],[1108],[0],[1],[수호부]
003.[30],[1118],[0],[1],[투신부]
004.[30],[1119],[0],[1],[능투부]
005.[55],[1120],[0],[1],[전신부]
006.[30],[1102],[0],[1],[선술행낭]
007.[15],[1130],[0],[1],[별관함]
008.[49],[1105],[0],[1],[분환술서]
009.[99],[1134],[0],[1],[혈맥타통(소)]
010.[29],[1137],[0],[1],[분환타통(소)]
011.[30],[1255],[0],[1],[청룡상갑]
012.[30],[1256],[0],[1],[청룡체갑]
013.[30],[1257],[0],[1],[청룡하갑]
014.[30],[1262],[0],[1],[패왕상갑]
015.[30],[1263],[0],[1],[패왕호완]
016.[30],[1264],[0],[1],[패왕하갑]
017.[30],[1269],[0],[1],[수라상갑]
018.[30],[1270],[0],[1],[수라체갑]
019.[30],[1271],[0],[1],[수라하갑]
020.[1],[1309],[0],[1],[1원 복주머니]
021.[3].[1310],[0],[1],[경량지각수(소)]
022.[5].[1311],[0],[1],[경량지각수(중)]
023.[6].[1312],[0],[1],[경량지각수(대)]
024.[4].[1313],[0],[1],[경량지각수(특)]
025.[19].[1126],[0],[1],[강화부]
026.[19],[1128],[0],[1],[승급부]
027.[49],[1127],[0],[1],[조합부]



