[60][5]
001.[640],[1103],[0],[1],[1],[Kirin Scale]
002.[480],[1129],[0],[1],[1],[8 Trigram Bag]
003.[520],[1130],[0],[1],[1],[Trigram Box]
004.[180],[1126],[0],[1],[1],[Reinforce Talisman]
005.[180],[1127],[0],[1],[1],[Combine Talisman]
006.[180],[1128],[0],[1],[1],[Upgrade Talisman]
007.[210],[1938],[0],[1],[1],[Reinforce Talisman(SP)]
008.[210],[1939],[0],[1],[1],[Upgrade Talisman(SP)]
009.[210],[1940],[0],[1],[1],[Combine Talisman(SP)]
057.[4100],[1157],[0],[1],[1],[ReBorn Ticket(SP)]
010.[8800],[1133],[0],[1],[2],[Name Scroll]
011.[3400],[1110],[0],[1],[2],[Gender Scroll]
012.[3200],[1142],[0],[1],[2],[Void Talisman(SP)]
013.[2940],[1143],[0],[1],[2],[Stat Talisman(SP)]
014.[2490],[1144],[0],[1],[2],[Gold Scroll]
015.[1080],[1357],[0],[1],[2],[Silver Scroll]
016.[440],[1041],[0],[1],[2],[Phoenix Pill]
017.[1140],[1326],[0],[1],[2],[Amalgate Pill (SP)]
018.[840],[1313],[0],[1],[2],[Phoenix Tears(SP)]
019.[840],[1322],[0],[1],[2],[Druid's Pill(L)]
020.[540],[1409],[0],[1],[2],[Beast Pill]
021.[440],[101],[0],[1],[3],[Costume]
022.[440],[102],[0],[1],[3],[Costume] 
023.[440],[103],[0],[1],[3],[Costume]
024.[440],[104],[0],[1],[3],[Costume]
025.[440],[105],[0],[1],[3],[Costume]
026.[440],[106],[0],[1],[3],[Costume]
027.[440],[107],[0],[1],[3],[Costume]
028.[440],[108],[0],[1],[3],[Costume]
029.[440],[109],[0],[1],[3],[Costume]
030.[440],[110],[0],[1],[3],[Costume]
031.[440],[111],[0],[1],[3],[Costume]
032.[440],[112],[0],[1],[3],[Costume]
033.[440],[113],[0],[1],[3],[Costume]
034.[440],[114],[0],[1],[3],[Costume]
035.[440],[115],[0],[1],[3],[Costume]
036.[440],[116],[0],[1],[3],[Costume]
037.[440],[117],[0],[1],[3],[Costume]
038.[440],[118],[0],[1],[3],[Costume]
039.[440],[119],[0],[1],[3],[Costume]
040.[440],[120],[0],[1],[3],[Costume]
041.[440],[121],[0],[1],[3],[Costume]
042.[440],[122],[0],[1],[3],[Costume]
043.[440],[123],[0],[1],[3],[Costume]
044.[440],[124],[0],[1],[3],[Costume]
045.[880],[125],[0],[1],[3],[Costume]
046.[880],[126],[0],[1],[3],[Costume]
047.[880],[127],[0],[1],[3],[Costume]
048.[880],[190],[0],[1],[3],[Costume]
049.[880],[191],[0],[1],[3],[Costume]
050.[880],[192],[0],[1],[3],[Costume]
051.[140],[1410],[0],[1],[4],[Warlord Cape Box]
052.[240],[1412],[0],[1],[4],[Mount Box]
053.[240],[1415],[0],[1],[4],[Pet Box]
054.[39],[1125],[0],[1],[4],[Invaluable Chest]
055.[440],[1086],[0],[1],[4],[Antique Box]
056.[0],[34],[99],[1],[4],[Soul Elixir (L)] 
058.[55],[1083],[0],[1],[4],[Cash Copun[50]]
059.[110],[1084],[0],[1],[4],[Cash Copun[100]]
060.[550],[1085],[0],[1],[4],[Cash Copun[500]]